50
50
50
50
50
50
50
50
50
50
50
50
50
50
50
50
50
50
50
50
50
50
50
50
50
40
40
40
40
40
40
50
50
50
50
50
50
50
50
50
40
40
40
40
50
50
50
50
50
50
50
50
50
50
60
60
60
60
60
60
60
60
60
60
60
DESTRA
60
60
60
60
60
50
50
50
50
50
50
50
50
50
50
DESTRA
50
50
50
50
50
50
50
55
55
55
55
55
50
50
50
50
50
50
SINISTRA
50
50
50
50
70
70
70
70
70
70
70
70
70
70
70
70
70
70
70
SINISTRA
70
70
70
70
70
70
70
70
70
70
70
70
70
70
70
70
70
70
70
70
PERICOLO
70
70
70
70
70
70
70
70
70
70
50
50
50
50
SINISTRA
50
50
50
50
50
50
90
90
90
90
90
90
90
90
90
90
DESTRA
90
90
90
90
90
90
90
90
90
90
90
90
90
90
90
90
90
90
90
90
90
90
90
90
SINISTRA
90
90
90
90
90
90
90
90
90
90
90
90
90
90
90
90
50
50
50
50
50
50
SINISTRA
50
50
50
50
50
50
50
50
50
50
50
50
50
50
50
50
50
50
50
50
50
50
SINISTRA
50
50
50
50
50
50
50
50
50
50
50
50
50
50
50
50
50
50
50
50
50
50
50
50
50
50
50
DESTRA
50
50
50
50
50
50
50
50
30
30
30
30
30
30
30
30
30
30
30
30
30
30
PARCHEGGIO
